Código 16:

2956, 1780, 408, 1164, 380, 1108, 436, 444, 380, 444, 380, 444, 380, 1164, 380, 444, 380, 460, 380, 1164, 380, 1164, 380, 444, 380, 1136, 408, 444, 376, 448, 380, 1160, 384, 1148, 408, 444, 380, 1164, 380, 1164, 384, 444, 376, 472, 352, 1164, 384, 444, 356, 484, 376, 1164, 380, 444, 380, 444, 380, 472, 352, 444, 380, 444, 380, 448, 376, 460, 356, 468, 356, 468, 380, 444, 380, 444, 380, 444, 380, 444, 380, 444, 380, 460, 380, 444, 380, 444, 380, 1108, 436, 444, 380, 444, 380, 1160, 384, 444, 380, 456, 380, 1140, 404, 1164, 380, 444, 384, 444, 380, 440, 384, 440, 380, 448, 380, 456, 380, 1164, 380, 1108, 436, 1164, 384, 1136, 408, 440, 380, 444, 384, 440, 380, 460, 380, 1164, 380, 444, 380, 1136, 408, 444, 380, 444, 380, 444, 380, 444, 380, 460, 380, 444, 380, 440, 384, 444, 380, 444, 380, 444, 380, 444, 380, 444, 380, 456, 384, 440, 384, 440, 380, 444, 384, 444, 380, 444, 380, 440, 384, 440, 384, 456, 380, 444, 380, 444, 380, 444, 380, 444, 380, 444, 380, 444, 380, 444, 380, 456, 384, 444, 380, 444, 380, 444, 380, 444, 380, 444, 380, 444, 380, 444, 380, 456, 384, 440, 384, 440, 384, 440, 384, 440, 384, 1136, 408, 444, 380, 1136, 408, 456, 384


Código 17:

2936, 1824, 360, 1128, 440, 1160, 360, 468, 356, 468, 356, 468, 380, 1164, 380, 444, 356, 484, 356, 1160, 408, 1136, 404, 448, 380, 1160, 384, 444, 356, 468, 380, 1160, 360, 1172, 412, 444, 376, 1140, 404, 1136, 388, 468, 376, 448, 376, 1164, 360, 468, 356, 480, 380, 1136, 408, 444, 356, 468, 380, 444, 356, 468, 380, 444, 356, 468, 380, 460, 356, 492, 356, 444, 356, 468, 356, 468, 380, 444, 356, 468, 380, 444, 356, 480, 384, 444, 356, 468, 356, 1160, 408, 440, 380, 448, 356, 1160, 408, 444, 380, 456, 380, 1136, 408, 1136, 388, 464, 380, 448, 376, 448, 352, 472, 356, 464, 360, 480, 356, 468, 380, 1136, 408, 1136, 384, 1164, 380, 468, 356, 468, 380, 444, 356, 484, 380, 1160, 360, 468, 380, 1160, 384, 444, 380, 444, 356, 468, 356, 468, 380, 456, 384, 440, 384, 444, 380, 444, 380, 444, 380, 444, 380, 444, 380, 444, 356, 480, 384, 440, 384, 440, 384, 440, 356, 468, 380, 444, 380, 444, 360, 464, 384, 456, 380, 444, 380, 444, 380, 444, 380, 444, 356, 468, 356, 464, 360, 468, 380, 456, 384, 444, 380, 444, 380, 444, 380, 444, 380, 440, 384, 444, 380, 444, 380, 460, 380, 1132, 412, 1132, 412, 1132, 412, 1136, 408, 440, 384, 440, 384, 1132, 412, 460, 380

Código 18:

2932, 1748, 464, 1080, 464, 1112, 432, 420, 404, 420, 404, 416, 408, 1136, 408, 420, 404, 432, 408, 1136, 404, 1112, 436, 416, 408, 1136, 404, 420, 404, 420, 404, 1084, 460, 1156, 404, 420, 404, 1112, 436, 1136, 404, 420, 404, 420, 404, 1116, 432, 416, 404, 436, 404, 1136, 408, 420, 404, 420, 404, 420, 404, 420, 404, 420, 404, 420, 380, 456, 408, 420, 404, 416, 408, 420, 404, 416, 408, 416, 408, 420, 404, 416, 408, 432, 408, 440, 384, 416, 404, 1140, 408, 416, 404, 420, 408, 1108, 436, 416, 408, 432, 404, 1112, 432, 1112, 432, 420, 404, 420, 404, 420, 404, 420, 404, 420, 408, 432, 404, 1108, 436, 420, 404, 1136, 408, 1136, 408, 444, 356, 444, 404, 420, 404, 432, 384, 1160, 408, 416, 408, 1136, 408, 416, 408, 416, 408, 416, 408, 416, 408, 432, 408, 416, 408, 416, 384, 440, 408, 416, 404, 420, 408, 416, 384, 440, 408, 432, 404, 420, 404, 416, 408, 420, 404, 444, 380, 420, 380, 468, 380, 420, 380, 456, 384, 440, 384, 440, 384, 440, 408, 444, 356, 440, 384, 440, 408, 416, 384, 456, 408, 416, 384, 440, 384, 440, 384, 440, 404, 420, 384, 440, 384, 440, 384, 456, 404, 420, 384, 1132, 412, 1156, 408, 1112, 408, 444, 384, 440, 384, 1132, 412, 456, 384


Código 19:

2940, 1800, 408, 1160, 384, 1160, 384, 444, 380, 444, 380, 444, 380, 1132, 436, 420, 380, 456, 384, 1132, 412, 1160, 384, 440, 384, 1160, 384, 440, 384, 440, 384, 1136, 408, 1148, 412, 440, 380, 1136, 412, 1132, 412, 440, 384, 440, 384, 1160, 384, 440, 384, 456, 380, 1136, 408, 444, 380, 444, 384, 440, 384, 440, 380, 444, 384, 440, 384, 456, 380, 444, 380, 444, 380, 444, 380, 444, 380, 444, 380, 444, 404, 420, 384, 452, 384, 440, 384, 440, 384, 1160, 384, 440, 384, 440, 384, 1132, 436, 420, 404, 432, 384, 1132, 412, 1160, 384, 440, 380, 444, 384, 440, 384, 440, 384, 440, 384, 456, 380, 444, 380, 444, 380, 1160, 384, 1136, 408, 444, 380, 444, 380, 444, 384, 456, 380, 1160, 384, 444, 380, 1160, 384, 444, 380, 444, 380, 444, 380, 440, 384, 456, 384, 440, 384, 440, 384, 440, 384, 440, 384, 440, 384, 440, 384, 440, 384, 456, 380, 444, 380, 444, 380, 444, 380, 444, 380, 444, 384, 440, 380, 444, 384, 456, 380, 444, 380, 440, 384, 440, 384, 444, 404, 420, 380, 444, 380, 444, 380, 456, 384, 440, 384, 440, 384, 440, 384, 444, 380, 440, 384, 440, 384, 444, 380, 456, 380, 1160, 388, 444, 376, 1136, 412, 1132, 412, 440, 384, 440, 384, 1132, 412, 456, 384

Código 20:

2928, 1780, 408, 1136, 408, 1136, 408, 444, 380, 444, 380, 416, 408, 1136, 408, 444, 380, 456, 384, 1132, 412, 1136, 408, 444, 380, 1136, 408, 444, 380, 440, 384, 1136, 408, 1148, 412, 440, 384, 1132, 412, 1132, 412, 440, 384, 440, 384, 1136, 408, 440, 384, 456, 380, 1108, 436, 468, 356, 444, 380, 444, 380, 444, 380, 444, 380, 444, 380, 456, 384, 444, 380, 444, 380, 444, 380, 416, 408, 444, 380, 440, 384, 444, 380, 456, 384, 440, 384, 440, 384, 1132, 412, 440, 384, 468, 356, 1136, 408, 440, 384, 456, 380, 1140, 404, 1136, 412, 440, 380, 444, 380, 444, 380, 444, 380, 444, 384, 456, 380, 1136, 408, 1136, 408, 444, 380, 1164, 380, 444, 380, 444, 380, 444, 380, 460, 380, 1136, 408, 444, 380, 1136, 408, 444, 380, 444, 384, 440, 380, 444, 380, 456, 384, 440, 384, 444, 380, 444, 380, 440, 384, 440, 384, 444, 380, 440, 384, 456, 380, 444, 380, 444, 380, 444, 380, 444, 380, 444, 380, 444, 380, 444, 384, 456, 380, 444, 380, 444, 380, 440, 384, 444, 380, 444, 380, 444, 380, 444, 380, 460, 380, 444, 380, 468, 356, 440, 384, 440, 384, 444, 380, 444, 380, 444, 380, 456, 384, 440, 384, 440, 384, 1136, 408, 1132, 412, 440, 384, 440, 384, 1136, 408, 456, 384

Código 26:

2932, 1828, 384, 1132, 412, 1160, 384, 444, 380, 444, 356, 492, 356, 1160, 384, 440, 384, 456, 356, 1164, 408, 1136, 408, 440, 380, 1164, 384, 440, 380, 444, 384, 1136, 384, 1172, 408, 444, 380, 1136, 408, 1164, 384, 440, 380, 444, 380, 1136, 408, 444, 380, 460, 380, 1160, 384, 444, 380, 444, 380, 444, 380, 444, 380, 444, 380, 444, 356, 480, 384, 440, 384, 440, 384, 440, 384, 440, 384, 444, 380, 440, 384, 444, 380, 456, 356, 468, 384, 440, 384, 1160, 380, 444, 380, 444, 384, 1160, 384, 440, 384, 456, 380, 1136, 408, 1160, 384, 444, 380, 444, 380, 444, 380, 444, 380, 444, 380, 460, 356, 1160, 408, 444, 380, 1160, 384, 444, 380, 444, 380, 444, 380, 444, 380, 456, 384, 1160, 384, 440, 384, 1132, 412, 440, 384, 440, 384, 440, 384, 440, 384, 456, 384, 440, 356, 468, 380, 444, 380, 444, 380, 444, 384, 440, 380, 444, 384, 456, 380, 444, 380, 444, 380, 444, 380, 444, 380, 444, 384, 440, 380, 444, 380, 456, 384, 444, 380, 440, 384, 440, 384, 440, 384, 440, 384, 440, 384, 468, 356, 456, 384, 440, 380, 444, 384, 440, 384, 440, 384, 440, 380, 444, 380, 444, 384, 456, 384, 440, 380, 1136, 408, 1136, 408, 444, 380, 444, 380, 444, 380, 1132, 412, 460, 384

Código 27:

2960, 1804, 404, 1112, 432, 1112, 432, 420, 380, 444, 380, 444, 404, 1140, 404, 420, 380, 460, 404, 1112, 432, 1112, 432, 420, 404, 1084, 460, 444, 380, 420, 404, 1140, 404, 1124, 436, 420, 404, 1136, 408, 1084, 460, 444, 380, 420, 404, 1140, 404, 420, 404, 432, 408, 1108, 412, 444, 400, 420, 404, 424, 380, 444, 380, 444, 380, 444, 380, 456, 384, 440, 380, 444, 384, 440, 384, 440, 384, 440, 408, 416, 380, 444, 408, 432, 380, 444, 380, 444, 380, 1164, 380, 444, 384, 440, 380, 1136, 412, 440, 380, 460, 404, 1112, 408, 1160, 408, 416, 408, 420, 404, 420, 404, 420, 404, 420, 380, 456, 408, 420, 404, 416, 408, 1108, 436, 416, 408, 416, 384, 444, 404, 416, 408, 432, 408, 1108, 436, 416, 404, 1140, 384, 440, 404, 420, 408, 416, 408, 416, 408, 432, 404, 420, 404, 420, 380, 444, 404, 420, 404, 420, 404, 420, 380, 444, 380, 456, 384, 444, 380, 440, 384, 440, 384, 440, 384, 468, 356, 440, 384, 440, 384, 456, 384, 440, 384, 440, 384, 440, 380, 444, 384, 440, 384, 440, 384, 440, 384, 456, 380, 444, 380, 444, 380, 444, 380, 444, 380, 444, 384, 440, 380, 444, 380, 456, 384, 1132, 412, 440, 384, 1136, 408, 440, 384, 444, 380, 444, 380, 1132, 412, 460, 380

Código 28:

2932, 1800, 384, 1136, 432, 1136, 384, 444, 404, 420, 404, 420, 404, 1084, 460, 420, 404, 436, 404, 1136, 408, 1136, 384, 444, 380, 1160, 408, 420, 380, 444, 404, 1136, 408, 1152, 408, 420, 408, 1132, 408, 1136, 408, 420, 404, 444, 380, 1136, 408, 420, 404, 432, 408, 1132, 408, 420, 408, 416, 408, 416, 408, 440, 380, 420, 404, 420, 408, 432, 404, 420, 404, 420, 404, 444, 380, 420, 404, 420, 404, 420, 404, 420, 404, 432, 408, 420, 404, 420, 376, 1164, 384, 444, 380, 444, 380, 1160, 384, 444, 404, 432, 408, 1112, 432, 1108, 432, 420, 380, 444, 384, 440, 380, 448, 376, 472, 356, 456, 380, 1136, 412, 1132, 408, 444, 380, 444, 380, 444, 380, 444, 380, 444, 380, 456, 384, 1160, 384, 444, 380, 1136, 408, 444, 380, 444, 380, 444, 404, 420, 404, 436, 404, 420, 404, 420, 380, 444, 380, 468, 356, 468, 356, 444, 404, 420, 404, 432, 404, 420, 408, 440, 384, 416, 408, 416, 408, 416, 408, 416, 380, 444, 380, 456, 384, 440, 380, 468, 404, 420, 404, 396, 376, 472, 352, 472, 356, 468, 408, 432, 404, 420, 408, 416, 408, 416, 356, 468, 380, 444, 380, 444, 356, 468, 356, 480, 376, 448, 424, 400, 428, 1116, 424, 400, 352, 472, 428, 400, 348, 1192, 352, 464, 452

Código 29:

2932, 1804, 384, 1160, 384, 1132, 412, 440, 380, 448, 376, 444, 380, 1136, 408, 468, 360, 456, 380, 1164, 380, 1164, 384, 464, 356, 1136, 408, 444, 380, 444, 356, 1188, 384, 1176, 380, 444, 380, 1160, 384, 1160, 384, 444, 380, 468, 356, 1160, 384, 444, 380, 456, 360, 1156, 412, 440, 384, 444, 356, 464, 384, 444, 380, 444, 380, 444, 380, 456, 380, 468, 356, 444, 384, 440, 380, 444, 384, 440, 380, 444, 380, 448, 376, 460, 380, 444, 356, 468, 380, 1164, 380, 444, 356, 468, 380, 1160, 388, 440, 380, 456, 360, 1184, 384, 1160, 360, 464, 384, 444, 380, 444, 356, 468, 356, 468, 380, 456, 384, 444, 356, 1156, 412, 440, 384, 444, 380, 440, 360, 468, 380, 440, 384, 456, 380, 1164, 380, 444, 380, 1132, 412, 444, 380, 444, 380, 444, 380, 444, 384, 456, 380, 444, 380, 444, 380, 444, 380, 444, 380, 444, 380, 444, 380, 444, 380, 456, 360, 464, 384, 440, 384, 440, 384, 444, 380, 440, 384, 440, 384, 444, 380, 456, 380, 444, 380, 444, 384, 440, 380, 444, 384, 440, 384, 440, 384, 440, 380, 460, 380, 444, 380, 440, 384, 440, 384, 444, 380, 444, 380, 444, 380, 444, 380, 456, 384, 1132, 412, 1132, 412, 440, 384, 444, 380, 444, 380, 444, 380, 1160, 384, 460, 380

Código 30:

2964, 1828, 380, 1164, 380, 1140, 404, 444, 380, 468, 356, 444, 380, 1164, 380, 444, 380, 460, 380, 1164, 380, 1164, 380, 444, 380, 1164, 380, 444, 384, 440, 380, 1140, 408, 1148, 408, 440, 384, 1132, 412, 1160, 384, 444, 380, 444, 380, 1136, 408, 444, 380, 456, 384, 1136, 408, 440, 384, 440, 384, 444, 380, 440, 384, 440, 384, 444, 380, 456, 384, 440, 380, 444, 380, 448, 376, 444, 384, 440, 380, 444, 384, 440, 384, 456, 404, 420, 380, 444, 380, 1136, 432, 420, 404, 420, 404, 1140, 404, 420, 380, 456, 384, 1160, 408, 1112, 408, 440, 384, 444, 404, 420, 404, 420, 380, 444, 380, 456, 408, 1112, 432, 416, 384, 440, 408, 420, 404, 416, 384, 440, 408, 416, 408, 432, 380, 1136, 432, 420, 384, 1132, 412, 440, 404, 420, 384, 440, 408, 416, 408, 432, 384, 440, 404, 420, 384, 440, 380, 444, 380, 444, 404, 420, 384, 440, 380, 456, 408, 416, 408, 416, 384, 440, 408, 416, 384, 440, 408, 420, 380, 440, 384, 456, 384, 440, 384, 440, 404, 420, 384, 440, 384, 444, 380, 440, 384, 440, 404, 436, 384, 440, 380, 444, 384, 440, 384, 440, 384, 440, 384, 440, 384, 440, 384, 456, 404, 416, 384, 1160, 384, 440, 384, 440, 408, 420, 380, 444, 380, 1136, 408, 460, 384

Código 31:

2936, 1800, 408, 1164, 380, 1164, 380, 444, 380, 444, 380, 444, 380, 1136, 408, 444, 380, 460, 380, 1160, 384, 1160, 384, 444, 380, 1160, 384, 444, 380, 444, 380, 1136, 408, 1152, 408, 440, 384, 1136, 408, 1160, 384, 444, 380, 440, 384, 1136, 408, 444, 380, 456, 384, 1132, 412, 440, 384, 440, 384, 440, 384, 440, 384, 440, 384, 440, 384, 456, 380, 444, 384, 440, 380, 444, 380, 416, 412, 440, 384, 440, 380, 444, 384, 456, 380, 444, 380, 444, 380, 1136, 412, 440, 380, 444, 380, 1136, 408, 444, 380, 460, 380, 1136, 408, 1132, 412, 444, 380, 468, 356, 440, 384, 444, 380, 444, 380, 456, 384, 440, 384, 440, 384, 440, 384, 440, 384, 440, 384, 440, 384, 440, 384, 456, 380, 1164, 380, 444, 380, 1136, 412, 440, 384, 440, 384, 440, 380, 444, 380, 456, 384, 444, 380, 444, 380, 444, 384, 436, 384, 444, 380, 444, 380, 444, 380, 456, 384, 440, 384, 440, 384, 440, 384, 440, 384, 440, 384, 440, 384, 440, 384, 456, 384, 440, 380, 444, 384, 440, 380, 444, 380, 444, 380, 444, 380, 444, 384, 452, 384, 440, 384, 444, 380, 444, 380, 440, 384, 444, 380, 444, 380, 444, 380, 456, 384, 1132, 412, 440, 384, 440, 384, 440, 384, 440, 384, 440, 384, 1136, 408, 456, 384





Código FAN:

2956, 1804, 380, 1164, 408, 1108, 412, 440, 384, 440, 384, 440, 384, 1160, 384, 440, 384, 456, 380, 1164, 384, 1132, 412, 440, 384, 1132, 412, 440, 384, 440, 384, 1132, 412, 1172, 388, 440, 380, 1136, 408, 1136, 408, 444, 380, 440, 384, 1132, 412, 444, 384, 452, 384, 1160, 384, 444, 380, 440, 384, 440, 384, 440, 384, 440, 384, 440, 384, 456, 384, 440, 384, 440, 384, 440, 384, 440, 384, 440, 380, 444, 384, 440, 384, 456, 380, 444, 384, 440, 380, 1132, 416, 440, 384, 440, 380, 1136, 408, 444, 384, 452, 384, 1136, 408, 1160, 384, 440, 384, 440, 384, 440, 408, 416, 384, 440, 384, 456, 384, 440, 384, 440, 384, 440, 384, 440, 384, 440, 384, 440, 384, 440, 384, 456, 380, 1136, 412, 1104, 436, 444, 384, 440, 384, 440, 380, 444, 384, 440, 380, 456, 384, 440, 384, 440, 384, 440, 384, 440, 384, 440, 412, 412, 384, 440, 384, 456, 384, 440, 384, 440, 384, 440, 384, 440, 384, 440, 384, 440, 384, 440, 384, 456, 384, 440, 384, 440, 380, 444, 384, 440, 384, 440, 384, 440, 380, 444, 384, 452, 384, 444, 380, 440, 384, 440, 384, 440, 384, 440, 384, 444, 380, 440, 384, 456, 384, 1132, 412, 1132, 412, 1136, 408, 1160, 384, 1160, 384, 1160, 384, 440, 384, 460, 380


Código SWING: 

2956, 1776, 412, 1132, 412, 1132, 412, 440, 412, 412, 384, 440, 384, 1132, 412, 440, 384, 456, 384, 1132, 412, 1132, 412, 412, 412, 1132, 412, 440, 384, 440, 384, 1132, 412, 1148, 412, 436, 388, 1132, 412, 1132, 412, 440, 384, 440, 384, 1132, 412, 440, 384, 456, 384, 1100, 444, 412, 408, 440, 388, 436, 388, 436, 384, 440, 384, 440, 384, 456, 384, 440, 384, 440, 384, 440, 384, 440, 384, 440, 384, 440, 384, 440, 384, 456, 384, 440, 384, 440, 384, 1132, 436, 388, 412, 412, 412, 1132, 412, 440, 384, 452, 384, 1136, 412, 440, 384, 436, 384, 444, 384, 436, 388, 436, 388, 436, 388, 452, 384, 440, 384, 440, 384, 440, 384, 1132, 412, 440, 384, 416, 408, 416, 408, 456, 384, 440, 384, 440, 384, 440, 384, 1132, 412, 1132, 412, 1132, 436, 416, 384, 456, 384, 436, 388, 436, 388, 440, 384, 440, 384, 440, 384, 440, 408, 416, 384, 456, 404, 416, 388, 436, 384, 440, 384, 440, 384, 440, 384, 444, 380, 440, 384, 456, 384, 440, 384, 440, 384, 440, 384, 440, 384, 440, 384, 440, 384, 440, 384, 456, 384, 440, 380, 444, 384, 412, 408, 444, 384, 440, 384, 440, 384, 440, 384, 452, 384, 440, 384, 1132, 412, 440, 384, 1136, 436, 1108, 408, 1132, 412, 1136, 412, 456, 384